[38;5;0;48;5;0m▀[38;5;0;48;5;231m▀[38;5;0;48;5;231m▀[38;5;0;48;5;231m▀[38;5;0;48;5;0m▀[38;5;0;48;5;0m▀[38;5;0;48;5;0m▀[38;5;0;48;5;231m▀[38;5;0;48;5;231m▀[38;5;231;48;5;139m▀[38;5;231;48;5;182m▀[38;5;231;48;5;182m▀[38;5;231;48;5;182m▀[38;5;231;48;5;182m▀[38;5;231;48;5;139m▀[38;5;0;48;5;231m▀[38;5;0;48;5;231m▀[38;5;0;48;5;0m▀[38;5;0;48;5;0m▀[38;5;0;48;5;0m▀[38;5;0;48;5;0m▀[38;5;0;48;5;0m▀[38;5;0;48;5;0m▀
[38;5;231;48;5;231m▀[38;5;182;48;5;182m▀[38;5;225;48;5;231m▀[38;5;225;48;5;231m▀[38;5;231;48;5;225m▀[38;5;0;48;5;231m▀[38;5;231;48;5;182m▀[38;5;139;48;5;225m▀[38;5;182;48;5;231m▀[38;5;225;48;5;231m▀[38;5;231;48;5;231m▀[38;5;231;48;5;231m▀[38;5;231;48;5;231m▀[38;5;231;48;5;231m▀[38;5;225;48;5;231m▀[38;5;182;48;5;231m▀[38;5;139;48;5;225m▀[38;5;231;48;5;139m▀[38;5;0;48;5;231m▀[38;5;0;48;5;0m▀[38;5;0;48;5;0m▀[38;5;0;48;5;0m▀[38;5;0;48;5;0m▀
[38;5;0;48;5;0m▀[38;5;231;48;5;0m▀[38;5;182;48;5;231m▀[38;5;231;48;5;182m▀[38;5;231;48;5;182m▀[38;5;225;48;5;231m▀[38;5;225;48;5;231m▀[38;5;225;48;5;231m▀[38;5;231;48;5;225m▀[38;5;231;48;5;231m▀[38;5;231;48;5;231m▀[38;5;231;48;5;231m▀[38;5;225;48;5;231m▀[38;5;231;48;5;225m▀[38;5;231;48;5;231m▀[38;5;231;48;5;225m▀[38;5;231;48;5;225m▀[38;5;225;48;5;225m▀[38;5;139;48;5;225m▀[38;5;231;48;5;139m▀[38;5;0;48;5;231m▀[38;5;0;48;5;0m▀[38;5;0;48;5;0m▀
[38;5;0;48;5;0m▀[38;5;0;48;5;231m▀[38;5;231;48;5;182m▀[38;5;182;48;5;231m▀[38;5;231;48;5;231m▀[38;5;231;48;5;231m▀[38;5;231;48;5;231m▀[38;5;231;48;5;231m▀[38;5;231;48;5;59m▀[38;5;225;48;5;16m▀[38;5;231;48;5;16m▀[38;5;231;48;5;231m▀[38;5;231;48;5;231m▀[38;5;225;48;5;231m▀[38;5;225;48;5;225m▀[38;5;225;48;5;225m▀[38;5;225;48;5;225m▀[38;5;225;48;5;225m▀[38;5;225;48;5;182m▀[38;5;225;48;5;139m▀[38;5;139;48;5;139m▀[38;5;231;48;5;231m▀[38;5;0;48;5;0m▀
[38;5;0;48;5;0m▀[38;5;231;48;5;231m▀[38;5;182;48;5;182m▀[38;5;231;48;5;225m▀[38;5;231;48;5;225m▀[38;5;225;48;5;182m▀[38;5;231;48;5;225m▀[38;5;231;48;5;225m▀[38;5;16;48;5;16m▀[38;5;169;48;5;169m▀[38;5;169;48;5;169m▀[38;5;16;48;5;16m▀[38;5;231;48;5;231m▀[38;5;231;48;5;231m▀[38;5;225;48;5;182m▀[38;5;225;48;5;225m▀[38;5;182;48;5;182m▀[38;5;225;48;5;182m▀[38;5;182;48;5;182m▀[38;5;139;48;5;139m▀[38;5;231;48;5;231m▀[38;5;0;48;5;0m▀[38;5;0;48;5;0m▀
[38;5;0;48;5;0m▀[38;5;231;48;5;0m▀[38;5;182;48;5;231m▀[38;5;225;48;5;182m▀[38;5;225;48;5;139m▀[38;5;182;48;5;90m▀[38;5;225;48;5;90m▀[38;5;225;48;5;139m▀[38;5;182;48;5;139m▀[38;5;16;48;5;225m▀[38;5;16;48;5;231m▀[38;5;59;48;5;231m▀[38;5;231;48;5;231m▀[38;5;231;48;5;231m▀[38;5;182;48;5;139m▀[38;5;182;48;5;182m▀[38;5;182;48;5;182m▀[38;5;182;48;5;182m▀[38;5;225;48;5;225m▀[38;5;139;48;5;139m▀[38;5;231;48;5;231m▀[38;5;0;48;5;0m▀[38;5;0;48;5;0m▀
[38;5;0;48;5;0m▀[38;5;0;48;5;0m▀[38;5;0;48;5;231m▀[38;5;231;48;5;138m▀[38;5;138;48;5;223m▀[38;5;90;48;5;169m▀[38;5;90;48;5;169m▀[38;5;223;48;5;223m▀[38;5;182;48;5;182m▀[38;5;231;48;5;231m▀[38;5;231;48;5;231m▀[38;5;231;48;5;231m▀[38;5;231;48;5;225m▀[38;5;225;48;5;225m▀[38;5;139;48;5;139m▀[38;5;182;48;5;182m▀[38;5;182;48;5;225m▀[38;5;182;48;5;139m▀[38;5;139;48;5;231m▀[38;5;139;48;5;231m▀[38;5;231;48;5;0m▀[38;5;0;48;5;0m▀[38;5;0;48;5;0m▀
[38;5;0;48;5;0m▀[38;5;0;48;5;0m▀[38;5;231;48;5;0m▀[38;5;138;48;5;231m▀[38;5;230;48;5;138m▀[38;5;230;48;5;230m▀[38;5;230;48;5;230m▀[38;5;223;48;5;139m▀[38;5;231;48;5;169m▀[38;5;231;48;5;169m▀[38;5;182;48;5;231m▀[38;5;182;48;5;182m▀[38;5;225;48;5;182m▀[38;5;225;48;5;139m▀[38;5;139;48;5;139m▀[38;5;139;48;5;231m▀[38;5;139;48;5;231m▀[38;5;139;48;5;231m▀[38;5;231;48;5;0m▀[38;5;0;48;5;0m▀[38;5;0;48;5;0m▀[38;5;0;48;5;0m▀[38;5;0;48;5;0m▀
[38;5;0;48;5;0m▀[38;5;0;48;5;0m▀[38;5;0;48;5;0m▀[38;5;0;48;5;0m▀[38;5;231;48;5;231m▀[38;5;138;48;5;139m▀[38;5;139;48;5;231m▀[38;5;231;48;5;231m▀[38;5;231;48;5;231m▀[38;5;225;48;5;231m▀[38;5;139;48;5;139m▀[38;5;139;48;5;16m▀[38;5;139;48;5;16m▀[38;5;139;48;5;59m▀[38;5;231;48;5;59m▀[38;5;231;48;5;59m▀[38;5;231;48;5;59m▀[38;5;231;48;5;16m▀[38;5;0;48;5;231m▀[38;5;0;48;5;0m▀[38;5;0;48;5;0m▀[38;5;0;48;5;0m▀[38;5;0;48;5;0m▀
[38;5;0;48;5;0m▀[38;5;0;48;5;0m▀[38;5;0;48;5;0m▀[38;5;0;48;5;0m▀[38;5;231;48;5;231m▀[38;5;182;48;5;182m▀[38;5;231;48;5;225m▀[38;5;231;48;5;225m▀[38;5;231;48;5;182m▀[38;5;225;48;5;139m▀[38;5;139;48;5;16m▀[38;5;59;48;5;59m▀[38;5;16;48;5;16m▀[38;5;16;48;5;16m▀[38;5;16;48;5;16m▀[38;5;16;48;5;16m▀[38;5;16;48;5;16m▀[38;5;16;48;5;231m▀[38;5;231;48;5;231m▀[38;5;0;48;5;0m▀[38;5;0;48;5;0m▀[38;5;0;48;5;0m▀[38;5;0;48;5;0m▀
[38;5;0;48;5;0m▀[38;5;0;48;5;0m▀[38;5;0;48;5;0m▀[38;5;0;48;5;0m▀[38;5;231;48;5;0m▀[38;5;139;48;5;231m▀[38;5;182;48;5;139m▀[38;5;182;48;5;182m▀[38;5;182;48;5;139m▀[38;5;96;48;5;96m▀[38;5;16;48;5;16m▀[38;5;59;48;5;59m▀[38;5;59;48;5;59m▀[38;5;16;48;5;16m▀[38;5;231;48;5;16m▀[38;5;231;48;5;231m▀[38;5;16;48;5;231m▀[38;5;16;48;5;231m▀[38;5;16;48;5;16m▀[38;5;231;48;5;16m▀[38;5;231;48;5;16m▀[38;5;0;48;5;231m▀[38;5;0;48;5;0m▀
[38;5;0;48;5;0m▀[38;5;0;48;5;0m▀[38;5;0;48;5;0m▀[38;5;0;48;5;0m▀[38;5;0;48;5;0m▀[38;5;0;48;5;0m▀[38;5;231;48;5;231m▀[38;5;139;48;5;96m▀[38;5;96;48;5;139m▀[38;5;139;48;5;139m▀[38;5;59;48;5;16m▀[38;5;59;48;5;59m▀[38;5;59;48;5;59m▀[38;5;59;48;5;16m▀[38;5;16;48;5;16m▀[38;5;16;48;5;16m▀[38;5;231;48;5;16m▀[38;5;0;48;5;231m▀[38;5;231;48;5;231m▀[38;5;16;48;5;231m▀[38;5;16;48;5;231m▀[38;5;16;48;5;231m▀[38;5;231;48;5;0m▀
[38;5;0;48;5;0m▀[38;5;0;48;5;0m▀[38;5;0;48;5;0m▀[38;5;0;48;5;0m▀[38;5;0;48;5;0m▀[38;5;0;48;5;0m▀[38;5;231;48;5;0m▀[38;5;16;48;5;231m▀[38;5;16;48;5;223m▀[38;5;16;48;5;230m▀[38;5;16;48;5;138m▀[38;5;230;48;5;230m▀[38;5;230;48;5;223m▀[38;5;16;48;5;16m▀[38;5;59;48;5;59m▀[38;5;59;48;5;59m▀[38;5;16;48;5;169m▀[38;5;90;48;5;16m▀[38;5;16;48;5;231m▀[38;5;231;48;5;0m▀[38;5;0;48;5;0m▀[38;5;0;48;5;0m▀[38;5;0;48;5;0m▀
[38;5;0;48;5;0m▀[38;5;0;48;5;0m▀[38;5;0;48;5;0m▀[38;5;0;48;5;0m▀[38;5;0;48;5;0m▀[38;5;0;48;5;0m▀[38;5;0;48;5;0m▀[38;5;231;48;5;231m▀[38;5;16;48;5;96m▀[38;5;59;48;5;182m▀[38;5;59;48;5;182m▀[38;5;16;48;5;16m▀[38;5;16;48;5;90m▀[38;5;16;48;5;90m▀[38;5;169;48;5;59m▀[38;5;169;48;5;59m▀[38;5;59;48;5;231m▀[38;5;231;48;5;0m▀[38;5;0;48;5;0m▀[38;5;0;48;5;0m▀[38;5;0;48;5;0m▀[38;5;0;48;5;0m▀[38;5;0;48;5;0m▀
[38;5;0;48;5;0m▀[38;5;0;48;5;0m▀[38;5;0;48;5;0m▀[38;5;0;48;5;0m▀[38;5;0;48;5;0m▀[38;5;0;48;5;0m▀[38;5;0;48;5;0m▀[38;5;231;48;5;231m▀[38;5;96;48;5;96m▀[38;5;182;48;5;139m▀[38;5;182;48;5;139m▀[38;5;16;48;5;96m▀[38;5;16;48;5;231m▀[38;5;16;48;5;231m▀[38;5;231;48;5;0m▀[38;5;231;48;5;0m▀[38;5;0;48;5;0m▀[38;5;0;48;5;0m▀[38;5;0;48;5;0m▀[38;5;0;48;5;0m▀[38;5;0;48;5;0m▀[38;5;0;48;5;0m▀[38;5;0;48;5;0m▀
[38;5;0;48;5;0m▀[38;5;0;48;5;0m▀[38;5;0;48;5;0m▀[38;5;0;48;5;0m▀[38;5;0;48;5;0m▀[38;5;0;48;5;0m▀[38;5;0;48;5;0m▀[38;5;0;48;5;0m▀[38;5;231;48;5;0m▀[38;5;96;48;5;231m▀[38;5;139;48;5;16m▀[38;5;16;48;5;139m▀[38;5;231;48;5;96m▀[38;5;0;48;5;231m▀[38;5;0;48;5;0m▀[38;5;0;48;5;0m▀[38;5;0;48;5;0m▀[38;5;0;48;5;0m▀[38;5;0;48;5;0m▀[38;5;0;48;5;0m▀[38;5;0;48;5;0m▀[38;5;0;48;5;0m▀[38;5;0;48;5;0m▀
[38;5;0;48;5;0m▀[38;5;0;48;5;0m▀[38;5;0;48;5;0m▀[38;5;0;48;5;0m▀[38;5;0;48;5;0m▀[38;5;0;48;5;0m▀[38;5;0;48;5;0m▀[38;5;0;48;5;0m▀[38;5;0;48;5;0m▀[38;5;231;48;5;231m▀[38;5;16;48;5;96m▀[38;5;96;48;5;96m▀[38;5;96;48;5;231m▀[38;5;231;48;5;0m▀[38;5;0;48;5;0m▀[38;5;0;48;5;0m▀[38;5;0;48;5;0m▀[38;5;0;48;5;0m▀[38;5;0;48;5;0m▀[38;5;0;48;5;0m▀[38;5;0;48;5;0m▀[38;5;0;48;5;0m▀[38;5;0;48;5;0m▀
[38;5;0;48;5;0m▀[38;5;0;48;5;0m▀[38;5;0;48;5;0m▀[38;5;0;48;5;0m▀[38;5;0;48;5;0m▀[38;5;0;48;5;0m▀[38;5;0;48;5;0m▀[38;5;0;48;5;0m▀[38;5;0;48;5;0m▀[38;5;0;48;5;0m▀[38;5;231;48;5;0m▀[38;5;96;48;5;231m▀[38;5;231;48;5;0m▀[38;5;0;48;5;0m▀[38;5;0;48;5;0m▀[38;5;0;48;5;0m▀[38;5;0;48;5;0m▀[38;5;0;48;5;0m▀[38;5;0;48;5;0m▀[38;5;0;48;5;0m▀[38;5;0;48;5;0m▀[38;5;0;48;5;0m▀[38;5;0;48;5;0m▀
